{
 "cells": [
  {
   "cell_type": "code",
   "execution_count": 1,
   "id": "initial_id",
   "metadata": {
    "collapsed": true,
    "ExecuteTime": {
     "end_time": "2023-11-16T14:34:48.632971200Z",
     "start_time": "2023-11-16T14:34:47.387410700Z"
    }
   },
   "outputs": [],
   "source": [
    "import pandas as pd"
   ]
  },
  {
   "cell_type": "code",
   "execution_count": 2,
   "outputs": [],
   "source": [
    "users = [\"User1\", \"User2\", \"User3\", \"User4\", \"User5\"]\n",
    "items = [\"Item A\", \"Item B\", \"Item C\", \"Item D\", \"Item E\"]\n",
    "# 用户购买记录数据集\n",
    "datasets = [\n",
    "    [5, 3, 4, 4, None],\n",
    "    [3, 1, 2, 3, 3],\n",
    "    [4, 3, 4, 3, 5],\n",
    "    [3, 3, 1, 5, 4],\n",
    "    [1, 5, 5, 2, 1],\n",
    "]"
   ],
   "metadata": {
    "collapsed": false,
    "ExecuteTime": {
     "end_time": "2023-11-16T14:34:51.300903Z",
     "start_time": "2023-11-16T14:34:51.223737Z"
    }
   },
   "id": "d482cf4c846cd19f"
  },
  {
   "cell_type": "code",
   "execution_count": 5,
   "outputs": [
    {
     "name": "stdout",
     "output_type": "stream",
     "text": [
      "用户之间的两两相似度：\n",
      "        User1   User2   User3   User4   User5\n",
      "User1  1.0000  0.8528  0.7071  0.0000 -0.7921\n",
      "User2  0.8528  1.0000  0.4677  0.4900 -0.9001\n",
      "User3  0.7071  0.4677  1.0000 -0.1612 -0.4666\n",
      "User4  0.0000  0.4900 -0.1612  1.0000 -0.6415\n",
      "User5 -0.7921 -0.9001 -0.4666 -0.6415  1.0000\n",
      "物品之间的两两相似度：\n",
      "        Item A  Item B  Item C  Item D  Item E\n",
      "Item A  1.0000 -0.4767 -0.1231  0.5322  0.9695\n",
      "Item B -0.4767  1.0000  0.6455 -0.3101 -0.4781\n",
      "Item C -0.1231  0.6455  1.0000 -0.7206 -0.4276\n",
      "Item D  0.5322 -0.3101 -0.7206  1.0000  0.5817\n",
      "Item E  0.9695 -0.4781 -0.4276  0.5817  1.0000\n"
     ]
    }
   ],
   "source": [
    "df = pd.DataFrame(datasets,\n",
    "                  columns=items,\n",
    "                  index=users)\n",
    "\n",
    "print(\"用户之间的两两相似度：\")\n",
    "# 直接计算皮尔逊相关系数\n",
    "# 默认是按列进行计算，因此如果计算用户间的相似度，当前需要进行转置\n",
    "user_similar = df.T.corr()  # pandas中 corr 方法可直接用于计算皮尔逊相关系数\n",
    "print(user_similar.round(4))\n",
    "\n",
    "print(\"物品之间的两两相似度：\")\n",
    "item_similar = df.corr()\n",
    "print(item_similar.round(4))"
   ],
   "metadata": {
    "collapsed": false,
    "ExecuteTime": {
     "end_time": "2023-11-16T14:35:19.322255800Z",
     "start_time": "2023-11-16T14:35:19.302747800Z"
    }
   },
   "id": "4313ebcc67f21d24"
  },
  {
   "cell_type": "code",
   "execution_count": null,
   "outputs": [],
   "source": [],
   "metadata": {
    "collapsed": false
   },
   "id": "b2f0b51bd63c19c2"
  }
 ],
 "metadata": {
  "kernelspec": {
   "display_name": "Python 3",
   "language": "python",
   "name": "python3"
  },
  "language_info": {
   "codemirror_mode": {
    "name": "ipython",
    "version": 2
   },
   "file_extension": ".py",
   "mimetype": "text/x-python",
   "name": "python",
   "nbconvert_exporter": "python",
   "pygments_lexer": "ipython2",
   "version": "2.7.6"
  }
 },
 "nbformat": 4,
 "nbformat_minor": 5
}
